   2.0849698e+00   3.9360341e+02  -6.8906616e+01
   2.2322508e+00   3.9744136e+02  -6.4217529e+01
   2.3500755e+00   3.9744136e+02  -6.4217529e+01
   2.6839124e+00   3.9744136e+02  -6.4217529e+01
   2.7820997e+00   3.9744136e+02  -6.4217529e+01
   2.9686556e+00   3.9744136e+02  -6.4217529e+01
   3.2141239e+00   3.8976546e+02  -7.4730919e+01
   3.3712236e+00   3.8976546e+02  -7.4730919e+01
   3.5086858e+00   3.8592751e+02  -7.1559235e+01
   3.6559668e+00   3.8592751e+02  -7.1559235e+01
   3.8621601e+00   3.7825160e+02  -6.2760796e+01
   3.9898036e+00   3.6673774e+02  -7.2654411e+01
   4.1763595e+00   3.5522388e+02  -7.1621964e+01
   4.3040030e+00   3.5138593e+02  -7.2408958e+01
   4.4414653e+00   3.4371002e+02  -7.2037201e+01
   4.5691088e+00   3.3219616e+02  -7.5387558e+01
   4.7065710e+00   3.1684435e+02  -7.6221191e+01
   4.8538520e+00   3.0533049e+02  -7.3741058e+01
   5.0207704e+00   3.0149254e+02  -7.7759926e+01
   5.1876888e+00   2.8997868e+02  -7.5301453e+01
   5.2269637e+00   2.8614072e+02  -7.5784203e+01
   5.3349698e+00   2.7846482e+02  -7.0345558e+01
   5.4626133e+00   2.7078891e+02  -6.8455864e+01
   5.5313444e+00   2.4392324e+02  -5.9760418e+01
