   5.6492147e+00   6.2693572e+02  -5.9848930e+01
   5.5863874e+00   6.4624813e+02  -5.6193424e+01
   5.4816754e+00   6.7674141e+02  -6.2697292e+01
   5.1361257e+00   7.6110613e+02  -5.0603596e+01
   4.9790576e+00   8.0379671e+02  -5.5915295e+01
   4.7801047e+00   8.5360239e+02  -6.1462933e+01
   4.4031414e+00   9.1560538e+02  -5.8974339e+01
   4.0052356e+00   9.6134529e+02  -5.8715511e+01
   3.5026178e+00   1.0060688e+03  -6.2253052e+01
   2.8952880e+00   1.0294469e+03  -7.9733940e+01
   2.3507853e+00   1.0345291e+03  -5.7873306e+01
