   4.4444444e-01   1.3990950e+02  -4.8985733e+01
   7.8208441e-01   1.3954751e+02  -4.8985733e+01
   1.2782084e+00   1.3990950e+02  -4.8985733e+01
   1.6020672e+00   1.3972851e+02  -4.8985733e+01
   1.8845823e+00   1.3864253e+02  -4.8985733e+01
   2.2015504e+00   1.3936652e+02  -4.8985733e+01
   2.5116279e+00   1.4063348e+02  -4.6822609e+01
   2.7872524e+00   1.4063348e+02  -4.6822609e+01
   3.2902670e+00   1.4334842e+02  -4.8005219e+01
   3.5934539e+00   1.4280543e+02  -4.6822609e+01
   3.9035314e+00   1.4027149e+02  -4.8985733e+01
   4.0826873e+00   1.3520362e+02  -5.7935974e+01
   4.2204996e+00   1.3628959e+02  -5.3397491e+01
   4.3100775e+00   1.3339367e+02  -5.7935974e+01
   4.4341085e+00   1.2850679e+02  -5.5508419e+01
   4.6683893e+00   1.2235294e+02  -5.5388329e+01
