   2.2160804e+00   3.9026588e+02  -6.8697594e+01
   2.7889447e+00   3.8583456e+02  -6.7425972e+01
   3.4422111e+00   3.8228951e+02  -7.5786140e+01
   3.6934673e+00   3.7121123e+02  -6.1205696e+01
   3.9949749e+00   3.6545052e+02  -6.9401436e+01
   4.1557789e+00   3.5747415e+02  -5.8877640e+01
   4.3165829e+00   3.4728213e+02  -6.1982693e+01
   4.4572864e+00   3.3841950e+02  -6.3322201e+01
   4.5175879e+00   3.3221566e+02  -6.4010094e+01
   4.7989950e+00   3.0917282e+02  -5.5476414e+01
   5.1608040e+00   2.8214180e+02  -6.4777176e+01
   5.5125628e+00   2.5333826e+02  -5.8185387e+01
   5.7437186e+00   2.2852290e+02  -5.3308174e+01
   6.0251256e+00   2.0902511e+02  -5.3516964e+01
