   1.9518378e+00   6.4582312e+02  -5.6193424e+01
   2.2965779e+00   6.4447461e+02  -5.5191406e+01
   2.8339670e+00   6.3908056e+02  -5.9463303e+01
   3.3206591e+00   6.2964098e+02  -5.7627663e+01
   3.6653992e+00   6.2154991e+02  -6.9493469e+01
   3.9898606e+00   6.0401926e+02  -6.8934273e+01
   4.3143219e+00   5.7704904e+02  -7.1789505e+01
   4.7097592e+00   5.2985114e+02  -7.0956985e+01
   4.9328264e+00   4.9613835e+02  -6.8185425e+01
   5.0646388e+00   4.7860771e+02  -5.8689213e+01
   5.1761724e+00   4.6647110e+02  -7.5972740e+01
   5.2674271e+00   4.5433450e+02  -5.9439415e+01
   5.3384030e+00   4.4624343e+02  -6.4424011e+01
   5.3789607e+00   4.4084939e+02  -6.0663334e+01
