5.332500 34.903066
5.400000 34.903066
5.467500 34.903066
5.535000 34.903066
5.602500 34.903066
5.670000 34.903066
5.737500 34.903066
5.805000 34.903066
5.872500 34.903066
5.940000 34.903066
6.007500 34.903066
6.075000 34.903066
6.142500 34.903066
6.210000 34.903066
6.277500 34.903066
6.345000 34.903066
6.412500 34.903066
6.480000 34.903066
6.547500 34.903066
6.615000 34.903066
6.682500 34.903066
6.750000 34.903066
6.817500 34.903066
6.885000 34.903066
6.952500 34.903066
7.020000 34.903066
7.087500 34.903066
7.155000 34.903066
7.222500 34.903066
7.290000 34.903066
7.357500 34.903066
7.425000 34.903066
7.492500 34.903066
7.560000 34.903066
7.627500 34.903066
7.695000 34.903066
7.762500 34.903066
7.830000 34.903066
7.897500 34.903066
7.965000 34.903066
8.032500 34.903066
8.100000 34.903066
8.167500 34.903066
8.235000 34.903066
8.302500 34.903066
8.370000 34.722221
8.437500 34.722221
8.505000 34.722221
8.572500 34.722221
8.640000 34.722221
8.707500 34.722221
8.775000 34.722221
8.842500 34.722221
8.910000 34.722221
8.977500 34.722221
9.045000 34.722221
9.112500 34.722221
9.180000 34.722221
9.247500 34.722221
9.315000 34.722221
9.382500 34.722221
9.450000 34.722221
9.517500 34.722221
9.585000 34.722221
9.652500 34.722221
9.720000 34.722221
9.787500 34.722221
9.855000 34.722221
9.922500 34.722221
9.990000 34.541376
10.057500 34.541376
10.125000 34.541376
10.192500 34.541376
10.260000 34.541376
10.327500 34.541376
10.395000 34.541376
10.462500 34.541376
10.530000 34.541376
10.597500 34.541376
10.665000 34.541376
10.732500 34.541376
10.800000 34.541376
10.867500 34.541376
10.935000 34.541376
11.002500 34.541376
11.070000 34.541376
11.137500 34.360532
11.205000 34.360532
11.272500 34.360532
11.340000 34.360532
11.407500 34.360532
11.475000 34.360532
11.542500 34.360532
11.610000 34.360532
11.677500 34.360532
11.745000 34.360532
11.812500 34.360532
11.880000 34.360532
11.947500 34.360532
12.015000 34.179687
12.082500 34.179687
12.150000 34.179687
12.217500 34.179687
12.285000 34.179687
12.352500 34.179687
12.420000 34.179687
12.487500 34.179687
12.555000 34.179687
12.622500 34.179687
12.690000 34.179687
12.757500 33.998842
12.825000 33.998842
12.892500 33.998842
12.960000 33.998842
13.027500 33.998842
13.095000 33.998842
13.162500 33.998842
13.230000 33.998842
13.297500 33.817997
13.365000 33.817997
13.432500 33.817997
13.500000 33.817997
13.567500 33.817997
13.635000 33.817997
13.702500 33.817997
13.770000 33.817997
13.837500 33.637152
13.905000 33.637152
13.972500 33.637152
14.040000 33.637152
14.107500 33.637152
14.175000 33.637152
14.242500 33.456307
14.310000 33.456307
14.377500 33.456307
14.445000 33.456307
14.512500 33.456307
14.580000 33.456307
14.647500 33.275462
14.715000 33.275462
14.782500 33.275462
14.850000 33.275462
14.917500 33.275462
14.985000 33.094617
15.052500 33.094617
15.120000 33.094617
15.187500 33.094617
15.255000 33.094617
15.322500 32.913772
15.390000 32.913772
15.457500 32.913772
15.525000 32.913772
15.592500 32.732927
15.660000 32.732927
15.727500 32.732927
15.795000 32.732927
15.862500 32.552083
15.930000 32.552083
15.997500 32.552083
16.065000 32.552083
16.132500 32.371238
16.200000 32.371238
16.267500 32.371238
16.335000 32.190393
16.402500 32.190393
16.470000 32.190393
16.537500 32.009548
16.605000 32.009548
16.672500 32.009548
16.740000 31.828703
16.807500 31.828703
16.875000 31.828703
16.942500 31.647858
17.010000 31.647858
17.077500 31.647858
17.145000 31.467013
17.212500 31.467013
17.280000 31.286168
17.347500 31.286168
17.415000 31.286168
17.482500 31.105323
17.550000 31.105323
17.617500 30.924478
17.685000 30.924478
17.752500 30.743634
17.820000 30.743634
17.887500 30.743634
17.955000 30.562789
18.022500 30.562789
18.090000 30.381944
18.157500 30.381944
18.225000 30.201099
18.292500 30.201099
18.360000 30.020254
18.427500 30.020254
18.495000 29.839409
18.562500 29.658564
18.630000 29.658564
18.697500 29.477719
18.765000 29.477719
18.832500 29.296874
18.900000 29.296874
18.967500 29.116029
19.035000 28.935184
19.102500 28.935184
19.170000 28.754340
19.237500 28.754340
19.305000 28.573495
19.372500 28.392650
19.440000 28.392650
19.507500 28.211805
19.575000 28.030960
19.642500 28.030960
19.710000 27.850115
19.777500 27.850115
19.845000 27.669270
19.912500 27.488425
19.980000 27.488425
20.047500 27.307580
20.115000 27.126735
20.182500 27.126735
20.250000 26.945891
20.317500 26.765046
20.385000 26.765046
20.452500 26.584201
20.520001 26.584201
20.587501 26.403356
20.655001 26.222511
20.722501 26.222511
20.790001 26.041666
20.857501 25.860821
20.925001 25.860821
20.992501 25.679976
21.060001 25.679976
21.127501 25.499131
21.195001 25.318286
21.262501 25.318286
21.330001 25.137442
21.397501 25.137442
21.465001 24.956597
21.532501 24.956597
21.600001 24.775752
21.667501 24.594907
21.735001 24.594907
21.802501 24.414062
21.870001 24.414062
21.937501 24.233217
22.005001 24.233217
22.072501 24.052372
22.140001 24.052372
22.207501 24.052372
22.275001 23.871527
22.342501 23.871527
22.410001 23.690682
22.477501 23.690682
22.545001 23.509837
22.612501 23.509837
22.680001 23.328992
22.747501 23.328992
22.815001 23.328992
22.882501 23.148148
22.950001 23.148148
23.017501 23.148148
23.085001 22.967303
23.152501 22.967303
23.220001 22.786458
23.287501 22.786458
23.355001 22.786458
23.422501 22.605613
23.490001 22.605613
23.557501 22.605613
23.625001 22.605613
23.692501 22.424768
23.760001 22.424768
23.827501 22.424768
23.895001 22.243923
23.962501 22.243923
24.030001 22.243923
24.097501 22.063078
24.165001 22.063078
24.232501 22.063078
24.300001 22.063078
24.367501 21.882233
24.435001 21.882233
24.502501 21.882233
24.570001 21.882233
24.637501 21.701388
24.705001 21.701388
24.772501 21.701388
24.840001 21.701388
24.907501 21.701388
24.975001 21.520543
25.042501 21.520543
25.110001 21.520543
25.177501 21.520543
25.245001 21.520543
25.312501 21.339699
25.380001 21.339699
25.447501 21.339699
25.515001 21.339699
25.582501 21.339699
25.650001 21.158854
25.717501 21.158854
25.785001 21.158854
25.852501 21.158854
25.920001 21.158854
25.987501 21.158854
26.055001 20.978009
26.122501 20.978009
26.190001 20.978009
26.257501 20.978009
26.325001 20.978009
26.392501 20.978009
26.460001 20.978009
26.527501 20.797164
26.595001 20.797164
26.662501 20.797164
26.730001 20.797164
26.797501 20.797164
26.865001 20.797164
26.932501 20.797164
27.000001 20.797164
27.067501 20.797164
27.135001 20.616319
27.202501 20.616319
27.270001 20.616319
27.337501 20.616319
27.405001 20.616319
27.472501 20.616319
27.540001 20.616319
27.607501 20.616319
27.675001 20.616319
27.742501 20.616319
27.810001 20.435474
27.877501 20.435474
27.945001 20.435474
28.012501 20.435474
28.080001 20.435474
28.147501 20.435474
28.215001 20.435474
28.282501 20.435474
28.350001 20.435474
28.417501 20.435474
28.485001 20.435474
28.552501 20.435474
28.620001 20.254629
28.687501 20.254629
28.755001 20.254629
28.822501 20.254629
28.890001 20.254629
28.957501 20.254629
29.025001 20.254629
29.092501 20.254629
29.160001 20.254629
29.227501 20.254629
29.295001 20.254629
29.362501 20.254629
29.430001 20.254629
29.497501 20.254629
29.565001 20.254629
29.632501 20.254629
29.700001 20.254629
29.767501 20.254629
29.835001 20.254629
29.902501 20.254629
29.970001 20.435474
30.037501 20.435474
30.105001 20.435474
30.172501 20.435474
30.240001 20.435474
30.307501 20.616319
30.375001 20.616319
30.442501 20.616319
30.510001 20.797164
30.577501 20.797164
30.645001 20.978009
30.712501 21.158854
30.780001 21.158854
30.847501 21.339699
30.915001 21.339699
30.982501 21.520543
31.050001 21.701388
31.117501 21.701388
31.185001 21.882233
31.252501 22.063078
31.320001 22.063078
31.387501 22.243923
31.455001 22.424768
31.522501 22.605613
31.590001 22.786458
31.657501 22.967303
31.725001 22.967303
31.792501 23.148148
31.860001 23.328992
31.927501 23.509837
31.995001 23.509837
32.062501 23.690682
32.130001 23.871527
32.197501 24.052372
32.265001 24.233217
32.332501 24.414062
32.400001 24.775752
32.467501 24.956597
32.535001 24.956597
32.602501 25.137442
32.670001 25.318286
32.737501 25.499131
32.805001 26.222511
32.872501 26.584201
32.940001 26.584201
33.007501 26.765046
33.075001 26.945891
33.142501 26.945891
33.210001 27.126735
33.277501 27.488425
33.345001 27.850115
33.412501 28.211805
33.480001 28.211805
33.547501 28.392650
33.615001 28.573495
33.682501 29.839409
33.750001 30.020254
33.817501 30.201099
33.885001 30.201099
33.952501 30.381944
34.020001 32.371238
34.087501 32.371238
34.155001 32.552083
34.222501 32.552083
34.290001 32.552083
34.357501 32.552083
34.425001 32.552083
34.492501 32.552083
34.560001 32.552083
34.627501 32.552083
34.695001 32.552083
34.762501 32.552083
34.830001 32.552083
34.897501 32.552083
34.965001 32.552083
35.032501 32.552083
35.100001 32.552083
35.167501 32.552083
35.235001 32.552083
35.302501 32.371238
35.370001 32.371238
35.437501 32.371238
35.505001 32.371238
35.572501 32.190393
35.640001 32.190393
35.707501 32.190393
35.775001 32.009548
35.842501 32.009548
35.910001 32.009548
35.977501 31.828703
36.045001 31.828703
36.112501 31.647858
36.180001 31.647858
36.247501 31.647858
36.315001 31.467013
36.382501 31.467013
36.450001 31.467013
36.517501 31.286168
36.585001 31.286168
36.652501 31.105323
36.720001 31.105323
36.787501 31.105323
36.855001 30.924478
36.922501 30.924478
36.990001 30.743634
37.057501 30.743634
37.125001 30.562789
37.192501 30.562789
37.260001 30.381944
37.327501 30.381944
37.395001 30.201099
37.462501 30.201099
37.530001 30.020254
37.597501 30.020254
37.665001 29.839409
37.732501 29.839409
37.800001 29.658564
37.867501 29.658564
37.935001 29.477719
38.002501 29.296874
38.070001 29.296874
38.137501 29.116029
38.205001 29.116029
38.272501 28.935184
38.340001 28.754340
38.407501 28.754340
38.475001 28.573495
38.542501 28.392650
38.610001 28.392650
38.677501 28.211805
38.745001 28.211805
38.812501 28.030960
38.880001 27.850115
38.947501 27.850115
39.015001 27.669270
39.082501 27.488425
39.150001 27.488425
39.217501 27.307580
39.285001 27.307580
39.352501 27.126735
39.420001 26.945891
39.487501 26.945891
39.555001 26.765046
39.622501 26.584201
39.690001 26.584201
39.757501 26.403356
39.825001 26.403356
39.892501 26.222511
39.960001 26.041666
40.027501 26.041666
40.095001 25.860821
40.162501 25.679976
40.230001 25.679976
40.297501 25.499131
40.365001 25.499131
40.432501 25.318286
40.500001 25.318286
40.567501 25.137442
40.635001 24.956597
40.702501 24.956597
40.770001 24.775752
40.837501 24.775752
40.905001 24.594907
40.972501 24.594907
41.040001 24.414062
41.107501 24.414062
41.175001 24.233217
41.242501 24.233217
41.310001 24.052372
41.377501 24.052372
41.445001 23.871527
41.512501 23.871527
41.580001 23.690682
41.647501 23.690682
41.715001 23.509837
41.782501 23.509837
41.850001 23.509837
41.917501 23.328992
41.985001 23.328992
42.052501 23.148148
42.120001 23.148148
42.187501 23.148148
42.255001 22.967303
42.322501 22.967303
42.390001 22.967303
42.457501 22.786458
42.525001 22.786458
42.592501 22.786458
42.660001 22.605613
42.727501 22.605613
42.795001 22.605613
42.862501 22.424768
42.930001 22.424768
42.997501 22.424768
43.065001 22.243923
43.132501 22.243923
43.200001 22.243923
43.267501 22.243923
43.335001 22.063078
43.402501 22.063078
43.470001 22.063078
43.537501 22.063078
43.605001 21.882233
43.672501 21.882233
43.740001 21.882233
43.807501 21.882233
43.875001 21.701388
43.942501 21.701388
44.010001 21.701388
44.077501 21.701388
44.145001 21.520543
44.212501 21.520543
44.280001 21.520543
44.347501 21.520543
44.415001 21.520543
44.482501 21.339699
44.550001 21.339699
44.617501 21.339699
44.685001 21.339699
44.752501 21.339699
44.820001 21.158854
44.887501 21.158854
44.955001 21.158854
45.022501 21.158854
45.090001 21.158854
45.157501 21.158854
45.225001 21.158854
45.292501 20.978009
45.360001 20.978009
45.427501 20.978009
45.495001 20.978009
45.562501 20.978009
45.630001 20.978009
45.697501 20.978009
45.765001 20.797164
45.832501 20.797164
45.900001 20.797164
45.967501 20.797164
46.035001 20.797164
46.102501 20.797164
46.170001 20.797164
46.237501 20.797164
46.305001 20.616319
46.372501 20.616319
46.440001 20.616319
46.507501 20.616319
46.575001 20.616319
46.642501 20.616319
46.710001 20.616319
46.777501 20.616319
46.845001 20.616319
46.912501 20.616319
46.980001 20.435474
47.047501 20.435474
47.115001 20.435474
47.182501 20.435474
47.250001 20.435474
47.317501 20.435474
47.385001 20.435474
47.452501 20.435474
47.520001 20.435474
47.587501 20.435474
47.655001 20.435474
47.722501 20.435474
47.790001 20.254629
47.857501 20.254629
47.925001 20.254629
47.992501 20.254629
48.060001 20.254629
48.127501 20.254629
48.195001 20.254629
48.262501 20.254629
48.330001 20.254629
48.397501 20.254629
48.465001 20.254629
48.532501 20.254629
48.600001 20.254629
48.667501 20.254629
48.735001 20.254629
48.802501 20.254629
48.870001 20.073784
48.937501 20.073784
49.005001 20.073784
49.072501 20.073784
49.140001 20.073784
49.207501 20.073784
49.275001 20.073784
49.342501 20.073784
49.410001 20.073784
49.477501 20.073784
49.545001 20.073784
49.612501 20.073784
49.680001 20.073784
49.747501 20.073784
49.815001 20.073784
49.882501 20.073784
49.950001 20.073784
50.017501 20.073784
50.085001 20.073784
50.152501 20.073784
50.220001 20.073784
50.287501 19.892939
50.355001 19.892939
50.422501 19.892939
50.490001 19.892939
50.557501 19.892939
50.625001 19.892939
50.692501 19.892939
50.760001 19.892939
50.827501 19.892939
50.895001 19.892939
50.962501 19.892939
51.030001 19.892939
51.097501 19.892939
51.165001 19.892939
51.232501 19.892939
51.300001 19.892939
51.367501 19.892939
51.435001 19.892939
51.502501 19.892939
51.570001 19.892939
51.637501 19.892939
51.705001 19.892939
51.772501 19.892939
51.840001 19.892939
51.907501 19.892939
51.975001 19.892939
52.042501 19.892939
52.110001 19.892939
52.177501 19.892939
52.245001 19.892939
52.312501 19.892939
52.380001 19.712094
52.447501 19.712094
52.515001 19.712094
52.582501 19.712094
52.650001 19.712094
52.717501 19.712094
52.785001 19.712094
52.852501 19.712094
52.920001 19.712094
52.987501 19.712094
53.055001 19.712094
53.122501 19.712094
53.190001 19.712094
53.257501 19.712094
53.325001 19.712094
53.392501 19.712094
53.460001 19.712094
53.527501 19.712094
53.595001 19.712094
53.662501 19.712094
53.730001 19.712094
53.797501 19.712094
53.865001 19.712094
53.932501 19.712094
54.000001 19.712094
54.067501 19.712094
54.135001 19.712094
54.202501 19.712094
54.270001 19.712094
54.337501 19.712094
54.405001 19.712094
54.472501 19.712094
54.540001 19.712094
54.607501 19.712094
54.675001 19.712094
54.742501 19.712094
54.810001 19.712094
54.877501 19.712094
54.945001 19.712094
55.012501 19.712094
55.080001 19.712094
55.147501 19.712094
55.215001 19.712094
55.282501 19.712094
55.350001 19.712094
55.417501 19.712094
55.485001 19.712094
55.552501 19.712094
55.620001 19.712094
55.687501 19.712094
55.755001 19.712094
55.822501 19.712094
55.890001 19.712094
55.957501 19.712094
56.025001 19.712094
56.092501 19.531250
56.160001 19.531250
56.227501 19.531250
56.295001 19.531250
56.362501 19.531250
56.430001 19.531250
56.497501 19.531250
56.565001 19.531250
56.632501 19.531250
56.700001 19.531250
56.767501 19.531250
56.835001 19.531250
56.902501 19.531250
56.970001 19.531250
57.037501 19.531250
57.105001 19.531250
57.172501 19.531250
57.240001 19.531250
57.307501 19.531250
57.375001 19.531250
57.442501 19.531250
57.510001 19.531250
57.577501 19.531250
57.645001 19.531250
57.712501 19.531250
57.780001 19.531250
57.847501 19.531250
57.915001 19.531250
57.982501 19.531250
58.050001 19.531250
58.117501 19.531250
58.185001 19.531250
58.252501 19.531250
58.320001 19.531250
58.387501 19.531250
58.455001 19.531250
58.522501 19.531250
58.590001 19.531250
58.657501 19.531250
58.725001 19.531250
58.792501 19.531250
58.860001 19.531250
58.927501 19.531250
58.995001 19.531250
59.062501 19.531250
59.130001 19.531250
59.197501 19.531250
59.265001 19.531250
59.332501 19.531250
59.400001 19.531250
59.467501 19.531250
59.535001 19.531250
59.602501 19.531250
59.670001 19.531250
59.737501 19.531250
59.805001 19.531250
59.872501 19.531250
59.940001 19.531250
60.007501 19.531250
60.075001 19.531250
60.142501 19.531250
60.210001 19.531250
60.277501 19.531250
60.345001 19.531250
60.412501 19.531250
60.480001 19.531250
60.547501 19.350405
60.615001 19.350405
60.682501 19.350405
60.750001 19.350405
60.817501 19.350405
60.885001 19.350405
60.952501 19.350405