4.725000 34.722221
4.792500 34.722221
4.860000 34.722221
4.927500 34.722221
4.995000 34.722221
5.062500 34.722221
5.130000 34.722221
5.197500 34.903066
5.265000 34.903066
5.332500 34.903066
5.400000 34.903066
5.467500 34.903066
5.535000 34.903066
5.602500 34.903066
5.670000 34.903066
5.737500 34.903066
5.805000 34.903066
5.872500 34.903066
5.940000 34.903066
6.007500 34.903066
6.075000 34.903066
6.142500 34.722221
6.210000 34.722221
6.277500 34.722221
6.345000 34.722221
6.412500 34.722221
6.480000 34.722221
6.547500 34.722221
6.615000 34.722221
6.682500 34.722221
6.750000 34.722221
6.817500 34.722221
6.885000 34.722221
6.952500 34.722221
7.020000 34.722221
7.087500 34.722221
7.155000 34.722221
7.222500 34.722221
7.290000 34.722221
7.357500 34.722221
7.425000 34.722221
7.492500 34.722221
7.560000 34.722221
7.627500 34.722221
7.695000 34.722221
7.762500 34.722221
7.830000 34.722221
7.897500 34.722221
7.965000 34.541376
8.032500 34.541376
8.100000 34.541376
8.167500 34.541376
8.235000 34.541376
8.302500 34.541376
8.370000 34.541376
8.437500 34.541376
8.505000 34.541376
8.572500 34.541376
8.640000 34.541376
8.707500 34.541376
8.775000 34.541376
8.842500 34.541376
8.910000 34.541376
8.977500 34.541376
9.045000 34.541376
9.112500 34.360532
9.180000 34.360532
9.247500 34.360532
9.315000 34.360532
9.382500 34.360532
9.450000 34.360532
9.517500 34.360532
9.585000 34.360532
9.652500 34.360532
9.720000 34.360532
9.787500 34.360532
9.855000 34.360532
9.922500 34.360532
9.990000 34.360532
10.057500 34.179687
10.125000 34.179687
10.192500 34.179687
10.260000 34.179687
10.327500 34.179687
10.395000 34.179687
10.462500 34.179687
10.530000 34.179687
10.597500 34.179687
10.665000 34.179687
10.732500 33.998842
10.800000 33.998842
10.867500 33.998842
10.935000 33.998842
11.002500 33.998842
11.070000 33.998842
11.137500 33.998842
11.205000 33.998842
11.272500 33.998842
11.340000 33.817997
11.407500 33.817997
11.475000 33.817997
11.542500 33.817997
11.610000 33.817997
11.677500 33.817997
11.745000 33.817997
11.812500 33.637152
11.880000 33.637152
11.947500 33.637152
12.015000 33.637152
12.082500 33.637152
12.150000 33.637152
12.217500 33.637152
12.285000 33.456307
12.352500 33.456307
12.420000 33.456307
12.487500 33.456307
12.555000 33.456307
12.622500 33.275462
12.690000 33.275462
12.757500 33.275462
12.825000 33.275462
12.892500 33.275462
12.960000 33.275462
13.027500 33.094617
13.095000 33.094617
13.162500 33.094617
13.230000 33.094617
13.297500 32.913772
13.365000 32.913772
13.432500 32.913772
13.500000 32.913772
13.567500 32.913772
13.635000 32.732927
13.702500 32.732927
13.770000 32.732927
13.837500 32.552083
13.905000 32.552083
13.972500 32.552083
14.040000 32.552083
14.107500 32.371238
14.175000 32.371238
14.242500 32.371238
14.310000 32.190393
14.377500 32.190393
14.445000 32.190393
14.512500 32.190393
14.580000 32.009548
14.647500 32.009548
14.715000 32.009548
14.782500 31.828703
14.850000 31.828703
14.917500 31.647858
14.985000 31.647858
15.052500 31.647858
15.120000 31.467013
15.187500 31.467013
15.255000 31.467013
15.322500 31.286168
15.390000 31.286168
15.457500 31.105323
15.525000 31.105323
15.592500 31.105323
15.660000 30.924478
15.727500 30.924478
15.795000 30.743634
15.862500 30.743634
15.930000 30.562789
15.997500 30.562789
16.065000 30.381944
16.132500 30.381944
16.200000 30.201099
16.267500 30.201099
16.335000 30.020254
16.402500 30.020254
16.470000 29.839409
16.537500 29.839409
16.605000 29.658564
16.672500 29.658564
16.740000 29.477719
16.807500 29.296874
16.875000 29.296874
16.942500 29.116029
17.010000 29.116029
17.077500 28.935184
17.145000 28.754340
17.212500 28.754340
17.280000 28.573495
17.347500 28.573495
17.415000 28.392650
17.482500 28.211805
17.550000 28.211805
17.617500 28.030960
17.685000 27.850115
17.752500 27.850115
17.820000 27.669270
17.887500 27.488425
17.955000 27.488425
18.022500 27.307580
18.090000 27.307580
18.157500 27.126735
18.225000 26.945891
18.292500 26.945891
18.360000 26.765046
18.427500 26.584201
18.495000 26.584201
18.562500 26.403356
18.630000 26.403356
18.697500 26.222511
18.765000 26.041666
18.832500 26.041666
18.900000 25.860821
18.967500 25.679976
19.035000 25.679976
19.102500 25.499131
19.170000 25.499131
19.237500 25.318286
19.305000 25.137442
19.372500 25.137442
19.440000 24.956597
19.507500 24.956597
19.575000 24.775752
19.642500 24.775752
19.710000 24.594907
19.777500 24.594907
19.845000 24.414062
19.912500 24.414062
19.980000 24.233217
20.047500 24.233217
20.115000 24.052372
20.182500 24.052372
20.250000 23.871527
20.317500 23.871527
20.385000 23.690682
20.452500 23.690682
20.520001 23.509837
20.587501 23.509837
20.655001 23.509837
20.722501 23.328992
20.790001 23.328992
20.857501 23.148148
20.925001 23.148148
20.992501 23.148148
21.060001 22.967303
21.127501 22.967303
21.195001 22.967303
21.262501 22.786458
21.330001 22.786458
21.397501 22.786458
21.465001 22.605613
21.532501 22.605613
21.600001 22.605613
21.667501 22.424768
21.735001 22.424768
21.802501 22.424768
21.870001 22.243923
21.937501 22.243923
22.005001 22.243923
22.072501 22.243923
22.140001 22.063078
22.207501 22.063078
22.275001 22.063078
22.342501 21.882233
22.410001 21.882233
22.477501 21.882233
22.545001 21.882233
22.612501 21.882233
22.680001 21.701388
22.747501 21.701388
22.815001 21.701388
22.882501 21.701388
22.950001 21.520543
23.017501 21.520543
23.085001 21.520543
23.152501 21.520543
23.220001 21.520543
23.287501 21.339699
23.355001 21.339699
23.422501 21.339699
23.490001 21.339699
23.557501 21.339699
23.625001 21.339699
23.692501 21.158854
23.760001 21.158854
23.827501 21.158854
23.895001 21.158854
23.962501 21.158854
24.030001 21.158854
24.097501 20.978009
24.165001 20.978009
24.232501 20.978009
24.300001 20.978009
24.367501 20.978009
24.435001 20.978009
24.502501 20.978009
24.570001 20.797164
24.637501 20.797164
24.705001 20.797164
24.772501 20.797164
24.840001 20.797164
24.907501 20.797164
24.975001 20.797164
25.042501 20.797164
25.110001 20.616319
25.177501 20.616319
25.245001 20.616319
25.312501 20.616319
25.380001 20.616319
25.447501 20.616319
25.515001 20.616319
25.582501 20.616319
25.650001 20.616319
25.717501 20.616319
25.785001 20.435474
25.852501 20.435474
25.920001 20.435474
25.987501 20.435474
26.055001 20.435474
26.122501 20.435474
26.190001 20.435474
26.257501 20.435474
26.325001 20.435474
26.392501 20.435474
26.460001 20.435474
26.527501 20.435474
26.595001 20.254629
26.662501 20.254629
26.730001 20.254629
26.797501 20.254629
26.865001 20.254629
26.932501 20.254629
27.000001 20.254629
27.067501 20.254629
27.135001 20.254629
27.202501 20.254629
27.270001 20.254629
27.337501 20.254629
27.405001 20.254629
27.472501 20.254629
27.540001 20.254629
27.607501 20.254629
27.675001 20.073784
27.742501 20.073784
27.810001 20.073784
27.877501 20.073784
27.945001 20.073784
28.012501 20.073784
28.080001 20.073784
28.147501 20.073784
28.215001 20.073784
28.282501 20.073784
28.350001 20.073784
28.417501 20.073784
28.485001 20.073784
28.552501 20.073784
28.620001 20.073784
28.687501 20.073784
28.755001 20.073784
28.822501 20.073784
28.890001 20.073784
28.957501 20.073784
29.025001 20.073784
29.092501 19.892939
29.160001 19.892939
29.227501 19.892939
29.295001 19.892939
29.362501 19.892939
29.430001 19.892939
29.497501 19.892939
29.565001 19.892939
29.632501 19.892939
29.700001 19.892939
29.767501 19.892939
29.835001 19.892939
29.902501 19.892939
29.970001 19.892939
30.037501 19.892939
30.105001 19.892939
30.172501 19.892939
30.240001 20.073784
30.307501 20.073784
30.375001 20.073784
30.442501 20.073784
30.510001 20.073784
30.577501 20.073784
30.645001 20.073784
30.712501 20.254629
30.780001 20.254629
30.847501 20.254629
30.915001 20.435474
30.982501 20.435474
31.050001 20.435474
31.117501 20.616319
31.185001 20.616319
31.252501 20.797164
31.320001 20.797164
31.387501 20.978009
31.455001 20.978009
31.522501 21.158854
31.590001 21.339699
31.657501 21.339699
31.725001 21.520543
31.792501 21.520543
31.860001 21.701388
31.927501 21.882233
31.995001 21.882233
32.062501 22.063078
32.130001 22.243923
32.197501 22.424768
32.265001 22.605613
32.332501 22.786458
32.400001 22.786458
32.467501 22.967303
32.535001 23.148148
32.602501 23.328992
32.670001 23.509837
32.737501 23.690682
32.805001 23.690682
32.872501 23.871527
32.940001 24.233217
33.007501 24.414062
33.075001 24.594907
33.142501 24.594907
33.210001 24.775752
33.277501 24.956597
33.345001 25.137442
33.412501 26.041666
33.480001 26.041666
33.547501 26.222511
33.615001 26.403356
33.682501 26.584201
33.750001 26.765046
33.817501 26.765046
33.885001 27.126735
33.952501 27.669270
34.020001 27.850115
34.087501 28.030960
34.155001 28.030960
34.222501 28.211805
34.290001 29.477719
34.357501 29.658564
34.425001 29.839409
34.492501 29.839409
34.560001 30.020254
34.627501 32.190393
34.695001 32.190393
34.762501 32.190393
34.830001 32.371238
34.897501 32.371238
34.965001 32.371238
35.032501 32.371238
35.100001 32.371238
35.167501 32.371238
35.235001 32.371238
35.302501 32.371238
35.370001 32.371238
35.437501 32.371238
35.505001 32.371238
35.572501 32.371238
35.640001 32.371238
35.707501 32.371238
35.775001 32.371238
35.842501 32.190393
35.910001 32.190393
35.977501 32.190393
36.045001 32.190393
36.112501 32.190393
36.180001 32.009548
36.247501 32.009548
36.315001 32.009548
36.382501 32.009548
36.450001 31.828703
36.517501 31.828703
36.585001 31.828703
36.652501 31.647858
36.720001 31.647858
36.787501 31.647858
36.855001 31.647858
36.922501 31.467013
36.990001 31.467013
37.057501 31.467013
37.125001 31.286168
37.192501 31.286168
37.260001 31.286168
37.327501 31.105323
37.395001 31.105323
37.462501 31.105323
37.530001 30.924478
37.597501 30.924478
37.665001 30.924478
37.732501 30.743634
37.800001 30.743634
37.867501 30.562789
37.935001 30.562789
38.002501 30.562789
38.070001 30.381944
38.137501 30.381944
38.205001 30.381944
38.272501 30.201099
38.340001 30.201099
38.407501 30.020254
38.475001 30.020254
38.542501 30.020254
38.610001 29.839409
38.677501 29.839409
38.745001 29.658564
38.812501 29.658564
38.880001 29.477719
38.947501 29.477719
39.015001 29.477719
39.082501 29.296874
39.150001 29.296874
39.217501 29.116029
39.285001 29.116029
39.352501 28.935184
39.420001 28.935184
39.487501 28.754340
39.555001 28.754340
39.622501 28.754340
39.690001 28.573495
39.757501 28.573495
39.825001 28.392650
39.892501 28.392650
39.960001 28.211805
40.027501 28.211805
40.095001 28.030960
40.162501 28.030960
40.230001 27.850115
40.297501 27.850115
40.365001 27.669270
40.432501 27.669270
40.500001 27.488425
40.567501 27.488425
40.635001 27.307580
40.702501 27.307580
40.770001 27.126735
40.837501 27.126735
40.905001 26.945891
40.972501 26.945891
41.040001 26.765046
41.107501 26.765046
41.175001 26.584201
41.242501 26.584201
41.310001 26.403356
41.377501 26.403356
41.445001 26.222511
41.512501 26.222511
41.580001 26.041666
41.647501 26.041666
41.715001 25.860821
41.782501 25.860821
41.850001 25.860821
41.917501 25.679976
41.985001 25.679976
42.052501 25.499131
42.120001 25.499131
42.187501 25.318286
42.255001 25.318286
42.322501 25.137442
42.390001 25.137442
42.457501 24.956597
42.525001 24.956597
42.592501 24.956597
42.660001 24.775752
42.727501 24.775752
42.795001 24.594907
42.862501 24.594907
42.930001 24.594907
42.997501 24.414062
43.065001 24.414062
43.132501 24.233217
43.200001 24.233217
43.267501 24.233217
43.335001 24.052372
43.402501 24.052372
43.470001 24.052372
43.537501 23.871527
43.605001 23.871527
43.672501 23.871527
43.740001 23.690682
43.807501 23.690682
43.875001 23.509837
43.942501 23.509837
44.010001 23.509837
44.077501 23.328992
44.145001 23.328992
44.212501 23.328992
44.280001 23.328992
44.347501 23.148148
44.415001 23.148148
44.482501 23.148148
44.550001 22.967303
44.617501 22.967303
44.685001 22.967303
44.752501 22.786458
44.820001 22.786458
44.887501 22.786458
44.955001 22.786458
45.022501 22.605613
45.090001 22.605613
45.157501 22.605613
45.225001 22.605613
45.292501 22.424768
45.360001 22.424768
45.427501 22.424768
45.495001 22.424768
45.562501 22.243923
45.630001 22.243923
45.697501 22.243923
45.765001 22.243923
45.832501 22.243923
45.900001 22.063078
45.967501 22.063078
46.035001 22.063078
46.102501 22.063078
46.170001 22.063078
46.237501 21.882233
46.305001 21.882233
46.372501 21.882233
46.440001 21.882233
46.507501 21.882233
46.575001 21.701388
46.642501 21.701388
46.710001 21.701388
46.777501 21.701388
46.845001 21.701388
46.912501 21.701388
46.980001 21.520543
47.047501 21.520543
47.115001 21.520543
47.182501 21.520543
47.250001 21.520543
47.317501 21.520543
47.385001 21.339699
47.452501 21.339699
47.520001 21.339699
47.587501 21.339699
47.655001 21.339699
47.722501 21.339699
47.790001 21.339699
47.857501 21.158854
47.925001 21.158854
47.992501 21.158854
48.060001 21.158854
48.127501 21.158854
48.195001 21.158854
48.262501 21.158854
48.330001 21.158854
48.397501 20.978009
48.465001 20.978009
48.532501 20.978009
48.600001 20.978009
48.667501 20.978009
48.735001 20.978009
48.802501 20.978009
48.870001 20.978009
48.937501 20.978009
49.005001 20.797164
49.072501 20.797164
49.140001 20.797164
49.207501 20.797164
49.275001 20.797164
49.342501 20.797164
49.410001 20.797164
49.477501 20.797164
49.545001 20.797164
49.612501 20.797164
49.680001 20.616319
49.747501 20.616319
49.815001 20.616319
49.882501 20.616319
49.950001 20.616319
50.017501 20.616319
50.085001 20.616319
50.152501 20.616319
50.220001 20.616319
50.287501 20.616319
50.355001 20.616319
50.422501 20.616319
50.490001 20.616319
50.557501 20.435474
50.625001 20.435474
50.692501 20.435474
50.760001 20.435474
50.827501 20.435474
50.895001 20.435474
50.962501 20.435474
51.030001 20.435474
51.097501 20.435474
51.165001 20.435474
51.232501 20.435474
51.300001 20.435474
51.367501 20.435474
51.435001 20.435474
51.502501 20.435474
51.570001 20.435474
51.637501 20.254629
51.705001 20.254629
51.772501 20.254629
51.840001 20.254629
51.907501 20.254629
51.975001 20.254629
52.042501 20.254629
52.110001 20.254629
52.177501 20.254629
52.245001 20.254629
52.312501 20.254629
52.380001 20.254629
52.447501 20.254629
52.515001 20.254629
52.582501 20.254629
52.650001 20.254629
52.717501 20.254629
52.785001 20.254629
52.852501 20.254629
52.920001 20.254629
52.987501 20.073784
53.055001 20.073784
53.122501 20.073784
53.190001 20.073784
53.257501 20.073784
53.325001 20.073784
53.392501 20.073784
53.460001 20.073784
53.527501 20.073784
53.595001 20.073784
53.662501 20.073784
53.730001 20.073784
53.797501 20.073784
53.865001 20.073784
53.932501 20.073784
54.000001 20.073784
54.067501 20.073784
54.135001 20.073784
54.202501 20.073784
54.270001 20.073784
54.337501 20.073784
54.405001 20.073784
54.472501 20.073784
54.540001 20.073784
54.607501 20.073784
54.675001 20.073784
54.742501 20.073784
54.810001 19.892939
54.877501 19.892939
54.945001 19.892939
55.012501 19.892939
55.080001 19.892939
55.147501 19.892939
55.215001 19.892939
55.282501 19.892939
55.350001 19.892939
55.417501 19.892939
55.485001 19.892939
55.552501 19.892939
55.620001 19.892939
55.687501 19.892939
55.755001 19.892939
55.822501 19.892939
55.890001 19.892939
55.957501 19.892939
56.025001 19.892939
56.092501 19.892939
56.160001 19.892939
56.227501 19.892939
56.295001 19.892939
56.362501 19.892939
56.430001 19.892939
56.497501 19.892939
56.565001 19.892939
56.632501 19.892939
56.700001 19.892939
56.767501 19.892939
56.835001 19.892939
56.902501 19.892939
56.970001 19.892939
57.037501 19.892939
57.105001 19.892939
57.172501 19.892939
57.240001 19.892939
57.307501 19.892939
57.375001 19.892939
57.442501 19.892939
57.510001 19.712094
57.577501 19.712094
57.645001 19.712094
57.712501 19.712094
57.780001 19.712094
57.847501 19.712094
57.915001 19.712094
57.982501 19.712094
58.050001 19.712094
58.117501 19.712094
58.185001 19.712094
58.252501 19.712094
58.320001 19.712094
58.387501 19.712094
58.455001 19.712094
58.522501 19.712094
58.590001 19.712094
58.657501 19.712094
58.725001 19.712094
58.792501 19.712094
58.860001 19.712094
58.927501 19.712094
58.995001 19.712094
59.062501 19.712094
59.130001 19.712094
59.197501 19.712094
59.265001 19.712094
59.332501 19.712094
59.400001 19.712094
59.467501 19.712094
59.535001 19.712094
59.602501 19.712094
59.670001 19.712094
59.737501 19.712094
59.805001 19.712094
59.872501 19.712094
59.940001 19.712094
60.007501 19.712094
60.075001 19.712094
60.142501 19.712094
60.210001 19.712094
60.277501 19.712094
60.345001 19.531250
60.412501 19.531250
60.480001 19.531250
60.547501 19.531250
60.615001 19.531250
60.682501 19.531250
60.750001 19.531250