4.995000 34.360532
5.062500 34.360532
5.130000 34.360532
5.197500 34.360532
5.265000 34.360532
5.332500 34.360532
5.400000 34.360532
5.467500 34.360532
5.535000 34.360532
5.602500 34.360532
5.670000 34.360532
5.737500 34.360532
5.805000 34.360532
5.872500 34.360532
5.940000 34.360532
6.007500 34.360532
6.075000 34.360532
6.142500 34.360532
6.210000 34.360532
6.277500 34.360532
6.345000 34.360532
6.412500 34.360532
6.480000 34.360532
6.547500 34.360532
6.615000 34.360532
6.682500 34.360532
6.750000 34.360532
6.817500 34.179687
6.885000 34.179687
6.952500 34.179687
7.020000 34.179687
7.087500 34.179687
7.155000 34.179687
7.222500 34.179687
7.290000 34.179687
7.357500 34.179687
7.425000 34.179687
7.492500 34.179687
7.560000 34.179687
7.627500 34.179687
7.695000 34.179687
7.762500 34.179687
7.830000 33.998842
7.897500 33.998842
7.965000 33.998842
8.032500 33.998842
8.100000 33.998842
8.167500 33.998842
8.235000 33.998842
8.302500 33.998842
8.370000 33.998842
8.437500 33.998842
8.505000 33.998842
8.572500 33.998842
8.640000 33.998842
8.707500 33.817997
8.775000 33.817997
8.842500 33.817997
8.910000 33.817997
8.977500 33.817997
9.045000 33.817997
9.112500 33.817997
9.180000 33.817997
9.247500 33.817997
9.315000 33.817997
9.382500 33.637152
9.450000 33.637152
9.517500 33.637152
9.585000 33.637152
9.652500 33.637152
9.720000 33.637152
9.787500 33.637152
9.855000 33.637152
9.922500 33.637152
9.990000 33.456307
10.057500 33.456307
10.125000 33.456307
10.192500 33.456307
10.260000 33.456307
10.327500 33.456307
10.395000 33.456307
10.462500 33.456307
10.530000 33.275462
10.597500 33.275462
10.665000 33.275462
10.732500 33.275462
10.800000 33.275462
10.867500 33.275462
10.935000 33.275462
11.002500 33.094617
11.070000 33.094617
11.137500 33.094617
11.205000 33.094617
11.272500 33.094617
11.340000 33.094617
11.407500 33.094617
11.475000 32.913772
11.542500 32.913772
11.610000 32.913772
11.677500 32.913772
11.745000 32.913772
11.812500 32.732927
11.880000 32.732927
11.947500 32.732927
12.015000 32.732927
12.082500 32.732927
12.150000 32.732927
12.217500 32.552083
12.285000 32.552083
12.352500 32.552083
12.420000 32.552083
12.487500 32.552083
12.555000 32.371238
12.622500 32.371238
12.690000 32.371238
12.757500 32.371238
12.825000 32.190393
12.892500 32.190393
12.960000 32.190393
13.027500 32.190393
13.095000 32.190393
13.162500 32.009548
13.230000 32.009548
13.297500 32.009548
13.365000 32.009548
13.432500 31.828703
13.500000 31.828703
13.567500 31.828703
13.635000 31.828703
13.702500 31.647858
13.770000 31.647858
13.837500 31.647858
13.905000 31.647858
13.972500 31.467013
14.040000 31.467013
14.107500 31.467013
14.175000 31.286168
14.242500 31.286168
14.310000 31.286168
14.377500 31.286168
14.445000 31.105323
14.512500 31.105323
14.580000 31.105323
14.647500 30.924478
14.715000 30.924478
14.782500 30.924478
14.850000 30.743634
14.917500 30.743634
14.985000 30.743634
15.052500 30.562789
15.120000 30.562789
15.187500 30.562789
15.255000 30.381944
15.322500 30.381944
15.390000 30.381944
15.457500 30.201099
15.525000 30.201099
15.592500 30.020254
15.660000 30.020254
15.727500 30.020254
15.795000 29.839409
15.862500 29.839409
15.930000 29.839409
15.997500 29.658564
16.065000 29.658564
16.132500 29.477719
16.200000 29.477719
16.267500 29.477719
16.335000 29.296874
16.402500 29.296874
16.470000 29.116029
16.537500 29.116029
16.605000 29.116029
16.672500 28.935184
16.740000 28.935184
16.807500 28.754340
16.875000 28.754340
16.942500 28.573495
17.010000 28.573495
17.077500 28.573495
17.145000 28.392650
17.212500 28.392650
17.280000 28.211805
17.347500 28.211805
17.415000 28.030960
17.482500 28.030960
17.550000 27.850115
17.617500 27.850115
17.685000 27.850115
17.752500 27.669270
17.820000 27.669270
17.887500 27.488425
17.955000 27.488425
18.022500 27.307580
18.090000 27.307580
18.157500 27.126735
18.225000 27.126735
18.292500 26.945891
18.360000 26.945891
18.427500 26.765046
18.495000 26.765046
18.562500 26.765046
18.630000 26.584201
18.697500 26.584201
18.765000 26.403356
18.832500 26.403356
18.900000 26.222511
18.967500 26.222511
19.035000 26.222511
19.102500 26.041666
19.170000 26.041666
19.237500 25.860821
19.305000 25.860821
19.372500 25.679976
19.440000 25.679976
19.507500 25.679976
19.575000 25.499131
19.642500 25.499131
19.710000 25.318286
19.777500 25.318286
19.845000 25.137442
19.912500 25.137442
19.980000 25.137442
20.047500 24.956597
20.115000 24.956597
20.182500 24.956597
20.250000 24.775752
20.317500 24.775752
20.385000 24.594907
20.452500 24.594907
20.520001 24.594907
20.587501 24.414062
20.655001 24.414062
20.722501 24.414062
20.790001 24.233217
20.857501 24.233217
20.925001 24.233217
20.992501 24.052372
21.060001 24.052372
21.127501 24.052372
21.195001 23.871527
21.262501 23.871527
21.330001 23.871527
21.397501 23.690682
21.465001 23.690682
21.532501 23.690682
21.600001 23.509837
21.667501 23.509837
21.735001 23.509837
21.802501 23.328992
21.870001 23.328992
21.937501 23.328992
22.005001 23.328992
22.072501 23.148148
22.140001 23.148148
22.207501 23.148148
22.275001 22.967303
22.342501 22.967303
22.410001 22.967303
22.477501 22.967303
22.545001 22.786458
22.612501 22.786458
22.680001 22.786458
22.747501 22.786458
22.815001 22.605613
22.882501 22.605613
22.950001 22.605613
23.017501 22.605613
23.085001 22.424768
23.152501 22.424768
23.220001 22.424768
23.287501 22.424768
23.355001 22.424768
23.422501 22.243923
23.490001 22.243923
23.557501 22.243923
23.625001 22.243923
23.692501 22.243923
23.760001 22.063078
23.827501 22.063078
23.895001 22.063078
23.962501 22.063078
24.030001 22.063078
24.097501 21.882233
24.165001 21.882233
24.232501 21.882233
24.300001 21.882233
24.367501 21.882233
24.435001 21.882233
24.502501 21.701388
24.570001 21.701388
24.637501 21.701388
24.705001 21.701388
24.772501 21.701388
24.840001 21.701388
24.907501 21.520543
24.975001 21.520543
25.042501 21.520543
25.110001 21.520543
25.177501 21.520543
25.245001 21.520543
25.312501 21.520543
25.380001 21.339699
25.447501 21.339699
25.515001 21.339699
25.582501 21.339699
25.650001 21.339699
25.717501 21.339699
25.785001 21.339699
25.852501 21.158854
25.920001 21.158854
25.987501 21.158854
26.055001 21.158854
26.122501 21.158854
26.190001 21.158854
26.257501 21.158854
26.325001 21.158854
26.392501 21.158854
26.460001 20.978009
26.527501 20.978009
26.595001 20.978009
26.662501 20.978009
26.730001 20.978009
26.797501 20.978009
26.865001 20.978009
26.932501 20.978009
27.000001 20.978009
27.067501 20.978009
27.135001 20.797164
27.202501 20.797164
27.270001 20.797164
27.337501 20.797164
27.405001 20.797164
27.472501 20.797164
27.540001 20.797164
27.607501 20.797164
27.675001 20.797164
27.742501 20.797164
27.810001 20.797164
27.877501 20.797164
27.945001 20.616319
28.012501 20.616319
28.080001 20.616319
28.147501 20.616319
28.215001 20.616319
28.282501 20.616319
28.350001 20.616319
28.417501 20.616319
28.485001 20.616319
28.552501 20.616319
28.620001 20.616319
28.687501 20.616319
28.755001 20.616319
28.822501 20.435474
28.890001 20.435474
28.957501 20.435474
29.025001 20.435474
29.092501 20.435474
29.160001 20.435474
29.227501 20.435474
29.295001 20.435474
29.362501 20.435474
29.430001 20.435474
29.497501 20.435474
29.565001 20.435474
29.632501 20.435474
29.700001 20.435474
29.767501 20.435474
29.835001 20.435474
29.902501 20.435474
29.970001 20.435474
30.037501 20.435474
30.105001 20.435474
30.172501 20.435474
30.240001 20.435474
30.307501 20.435474
30.375001 20.435474
30.442501 20.435474
30.510001 20.435474
30.577501 20.435474
30.645001 20.435474
30.712501 20.435474
30.780001 20.435474
30.847501 20.435474
30.915001 20.616319
30.982501 20.616319
31.050001 20.616319
31.117501 20.616319
31.185001 20.797164
31.252501 20.797164
31.320001 20.978009
31.387501 20.978009
31.455001 21.158854
31.522501 21.339699
31.590001 21.339699
31.657501 21.520543
31.725001 21.701388
31.792501 21.882233
31.860001 21.882233
31.927501 22.063078
31.995001 22.243923
32.062501 22.424768
32.130001 22.424768
32.197501 22.605613
32.265001 22.786458
32.332501 22.967303
32.400001 23.148148
32.467501 23.328992
32.535001 23.509837
32.602501 23.690682
32.670001 23.871527
32.737501 23.871527
32.805001 24.052372
32.872501 24.414062
32.940001 24.594907
33.007501 24.775752
33.075001 24.775752
33.142501 24.956597
33.210001 25.499131
33.277501 25.679976
33.345001 25.679976
33.412501 25.860821
33.480001 26.041666
33.547501 26.222511
33.615001 27.307580
33.682501 27.307580
33.750001 27.488425
33.817501 27.669270
33.885001 27.850115
33.952501 28.030960
34.020001 28.211805
34.087501 28.392650
34.155001 29.116029
34.222501 29.296874
34.290001 29.296874
34.357501 29.477719
34.425001 30.924478
34.492501 31.105323
34.560001 31.105323
34.627501 31.286168
34.695001 31.467013
34.762501 33.456307
34.830001 33.456307
34.897501 33.456307
34.965001 33.637152
35.032501 33.637152
35.100001 33.637152
35.167501 33.637152
35.235001 33.637152
35.302501 33.637152
35.370001 33.637152
35.437501 33.637152
35.505001 33.637152
35.572501 33.637152
35.640001 33.637152
35.707501 33.637152
35.775001 33.637152
35.842501 33.637152
35.910001 33.637152
35.977501 33.637152
36.045001 33.637152
36.112501 33.637152
36.180001 33.637152
36.247501 33.637152
36.315001 33.456307
36.382501 33.456307
36.450001 33.456307
36.517501 33.456307
36.585001 33.456307
36.652501 33.456307
36.720001 33.275462
36.787501 33.275462
36.855001 33.275462
36.922501 33.275462
36.990001 33.275462
37.057501 33.094617
37.125001 33.094617
37.192501 33.094617
37.260001 33.094617
37.327501 32.913772
37.395001 32.913772
37.462501 32.913772
37.530001 32.913772
37.597501 32.732927
37.665001 32.732927
37.732501 32.732927
37.800001 32.732927
37.867501 32.552083
37.935001 32.552083
38.002501 32.552083
38.070001 32.552083
38.137501 32.371238
38.205001 32.371238
38.272501 32.371238
38.340001 32.190393
38.407501 32.190393
38.475001 32.190393
38.542501 32.190393
38.610001 32.009548
38.677501 32.009548
38.745001 32.009548
38.812501 31.828703
38.880001 31.828703
38.947501 31.647858
39.015001 31.647858
39.082501 31.647858
39.150001 31.467013
39.217501 31.467013
39.285001 31.467013
39.352501 31.286168
39.420001 31.286168
39.487501 31.105323
39.555001 31.105323
39.622501 30.924478
39.690001 30.924478
39.757501 30.924478
39.825001 30.743634
39.892501 30.743634
39.960001 30.562789
40.027501 30.562789
40.095001 30.381944
40.162501 30.381944
40.230001 30.201099
40.297501 30.201099
40.365001 30.020254
40.432501 30.020254
40.500001 29.839409
40.567501 29.839409
40.635001 29.658564
40.702501 29.477719
40.770001 29.477719
40.837501 29.296874
40.905001 29.296874
40.972501 29.116029
41.040001 28.935184
41.107501 28.935184
41.175001 28.754340
41.242501 28.754340
41.310001 28.573495
41.377501 28.392650
41.445001 28.392650
41.512501 28.211805
41.580001 28.211805
41.647501 28.030960
41.715001 27.850115
41.782501 27.850115
41.850001 27.669270
41.917501 27.488425
41.985001 27.488425
42.052501 27.307580
42.120001 27.126735
42.187501 27.126735
42.255001 26.945891
42.322501 26.945891
42.390001 26.765046
42.457501 26.584201
42.525001 26.584201
42.592501 26.403356
42.660001 26.222511
42.727501 26.222511
42.795001 26.041666
42.862501 26.041666
42.930001 25.860821
42.997501 25.679976
43.065001 25.679976
43.132501 25.499131
43.200001 25.499131
43.267501 25.318286
43.335001 25.137442
43.402501 25.137442
43.470001 24.956597
43.537501 24.956597
43.605001 24.775752
43.672501 24.775752
43.740001 24.594907
43.807501 24.594907
43.875001 24.414062
43.942501 24.414062
44.010001 24.233217
44.077501 24.233217
44.145001 24.052372
44.212501 24.052372
44.280001 23.871527
44.347501 23.871527
44.415001 23.690682
44.482501 23.690682
44.550001 23.509837
44.617501 23.509837
44.685001 23.509837
44.752501 23.328992
44.820001 23.328992
44.887501 23.148148
44.955001 23.148148
45.022501 23.148148
45.090001 22.967303
45.157501 22.967303
45.225001 22.967303
45.292501 22.786458
45.360001 22.786458
45.427501 22.786458
45.495001 22.605613
45.562501 22.605613
45.630001 22.605613
45.697501 22.424768
45.765001 22.424768
45.832501 22.424768
45.900001 22.243923
45.967501 22.243923
46.035001 22.243923
46.102501 22.243923
46.170001 22.063078
46.237501 22.063078
46.305001 22.063078
46.372501 21.882233
46.440001 21.882233
46.507501 21.882233
46.575001 21.882233
46.642501 21.882233
46.710001 21.701388
46.777501 21.701388
46.845001 21.701388
46.912501 21.701388
46.980001 21.520543
47.047501 21.520543
47.115001 21.520543
47.182501 21.520543
47.250001 21.520543
47.317501 21.339699
47.385001 21.339699
47.452501 21.339699
47.520001 21.339699
47.587501 21.339699
47.655001 21.158854
47.722501 21.158854
47.790001 21.158854
47.857501 21.158854
47.925001 21.158854
47.992501 21.158854
48.060001 21.158854
48.127501 20.978009
48.195001 20.978009
48.262501 20.978009
48.330001 20.978009
48.397501 20.978009
48.465001 20.978009
48.532501 20.978009
48.600001 20.797164
48.667501 20.797164
48.735001 20.797164
48.802501 20.797164
48.870001 20.797164
48.937501 20.797164
49.005001 20.797164
49.072501 20.797164
49.140001 20.616319
49.207501 20.616319
49.275001 20.616319
49.342501 20.616319
49.410001 20.616319
49.477501 20.616319
49.545001 20.616319
49.612501 20.616319
49.680001 20.616319
49.747501 20.616319
49.815001 20.435474
49.882501 20.435474
49.950001 20.435474
50.017501 20.435474
50.085001 20.435474
50.152501 20.435474
50.220001 20.435474
50.287501 20.435474
50.355001 20.435474
50.422501 20.435474
50.490001 20.435474
50.557501 20.435474
50.625001 20.254629
50.692501 20.254629
50.760001 20.254629
50.827501 20.254629
50.895001 20.254629
50.962501 20.254629
51.030001 20.254629
51.097501 20.254629
51.165001 20.254629
51.232501 20.254629
51.300001 20.254629
51.367501 20.254629
51.435001 20.254629
51.502501 20.254629
51.570001 20.254629
51.637501 20.073784
51.705001 20.073784
51.772501 20.073784
51.840001 20.073784
51.907501 20.073784
51.975001 20.073784
52.042501 20.073784
52.110001 20.073784
52.177501 20.073784
52.245001 20.073784
52.312501 20.073784
52.380001 20.073784
52.447501 20.073784
52.515001 20.073784
52.582501 20.073784
52.650001 20.073784
52.717501 20.073784
52.785001 20.073784
52.852501 20.073784
52.920001 20.073784
52.987501 20.073784
53.055001 19.892939
53.122501 19.892939
53.190001 19.892939
53.257501 19.892939
53.325001 19.892939
53.392501 19.892939
53.460001 19.892939
53.527501 19.892939
53.595001 19.892939
53.662501 19.892939
53.730001 19.892939
53.797501 19.892939
53.865001 19.892939
53.932501 19.892939
54.000001 19.892939
54.067501 19.892939
54.135001 19.892939
54.202501 19.892939
54.270001 19.892939
54.337501 19.892939
54.405001 19.892939
54.472501 19.892939
54.540001 19.892939
54.607501 19.892939
54.675001 19.892939
54.742501 19.892939
54.810001 19.892939
54.877501 19.892939
54.945001 19.892939
55.012501 19.892939
55.080001 19.892939
55.147501 19.892939
55.215001 19.712094
55.282501 19.712094
55.350001 19.712094
55.417501 19.712094
55.485001 19.712094
55.552501 19.712094
55.620001 19.712094
55.687501 19.712094
55.755001 19.712094
55.822501 19.712094
55.890001 19.712094
55.957501 19.712094
56.025001 19.712094
56.092501 19.712094
56.160001 19.712094
56.227501 19.712094
56.295001 19.712094
56.362501 19.712094
56.430001 19.712094
56.497501 19.712094
56.565001 19.712094
56.632501 19.712094
56.700001 19.712094
56.767501 19.712094
56.835001 19.712094
56.902501 19.712094
56.970001 19.712094
57.037501 19.712094
57.105001 19.712094
57.172501 19.712094
57.240001 19.712094
57.307501 19.712094
57.375001 19.712094
57.442501 19.712094
57.510001 19.712094
57.577501 19.712094
57.645001 19.712094
57.712501 19.712094
57.780001 19.712094
57.847501 19.712094
57.915001 19.712094
57.982501 19.712094
58.050001 19.712094
58.117501 19.712094
58.185001 19.712094
58.252501 19.712094
58.320001 19.712094
58.387501 19.712094
58.455001 19.712094
58.522501 19.712094
58.590001 19.712094
58.657501 19.712094
58.725001 19.712094
58.792501 19.531250
58.860001 19.531250
58.927501 19.531250
58.995001 19.531250
59.062501 19.531250
59.130001 19.531250
59.197501 19.531250
59.265001 19.531250
59.332501 19.531250
59.400001 19.531250
59.467501 19.531250
59.535001 19.531250
59.602501 19.531250
59.670001 19.531250
59.737501 19.531250
59.805001 19.531250
59.872501 19.531250
59.940001 19.531250
60.007501 19.531250