5.467500 34.360532
5.535000 34.360532
5.602500 34.541376
5.670000 34.541376
5.737500 34.541376
5.805000 34.541376
5.872500 34.541376
5.940000 34.541376
6.007500 34.541376
6.075000 34.541376
6.142500 34.541376
6.210000 34.541376
6.277500 34.541376
6.345000 34.541376
6.412500 34.541376
6.480000 34.541376
6.547500 34.541376
6.615000 34.541376
6.682500 34.541376
6.750000 34.541376
6.817500 34.541376
6.885000 34.541376
6.952500 34.541376
7.020000 34.541376
7.087500 34.541376
7.155000 34.541376
7.222500 34.541376
7.290000 34.541376
7.357500 34.541376
7.425000 34.541376
7.492500 34.541376
7.560000 34.541376
7.627500 34.360532
7.695000 34.360532
7.762500 34.360532
7.830000 34.360532
7.897500 34.360532
7.965000 34.360532
8.032500 34.360532
8.100000 34.360532
8.167500 34.360532
8.235000 34.360532
8.302500 34.360532
8.370000 34.360532
8.437500 34.360532
8.505000 34.360532
8.572500 34.360532
8.640000 34.360532
8.707500 34.360532
8.775000 34.360532
8.842500 34.179687
8.910000 34.179687
8.977500 34.179687
9.045000 34.179687
9.112500 34.179687
9.180000 34.179687
9.247500 34.179687
9.315000 34.179687
9.382500 34.179687
9.450000 34.179687
9.517500 34.179687
9.585000 34.179687
9.652500 34.179687
9.720000 34.179687
9.787500 34.179687
9.855000 33.998842
9.922500 33.998842
9.990000 33.998842
10.057500 33.998842
10.125000 33.998842
10.192500 33.998842
10.260000 33.998842
10.327500 33.998842
10.395000 33.998842
10.462500 33.998842
10.530000 33.998842
10.597500 33.998842
10.665000 33.817997
10.732500 33.817997
10.800000 33.817997
10.867500 33.817997
10.935000 33.817997
11.002500 33.817997
11.070000 33.817997
11.137500 33.817997
11.205000 33.817997
11.272500 33.817997
11.340000 33.817997
11.407500 33.637152
11.475000 33.637152
11.542500 33.637152
11.610000 33.637152
11.677500 33.637152
11.745000 33.637152
11.812500 33.637152
11.880000 33.637152
11.947500 33.637152
12.015000 33.456307
12.082500 33.456307
12.150000 33.456307
12.217500 33.456307
12.285000 33.456307
12.352500 33.456307
12.420000 33.456307
12.487500 33.456307
12.555000 33.275462
12.622500 33.275462
12.690000 33.275462
12.757500 33.275462
12.825000 33.275462
12.892500 33.275462
12.960000 33.275462
13.027500 33.094617
13.095000 33.094617
13.162500 33.094617
13.230000 33.094617
13.297500 33.094617
13.365000 33.094617
13.432500 32.913772
13.500000 32.913772
13.567500 32.913772
13.635000 32.913772
13.702500 32.913772
13.770000 32.913772
13.837500 32.732927
13.905000 32.732927
13.972500 32.732927
14.040000 32.732927
14.107500 32.732927
14.175000 32.552083
14.242500 32.552083
14.310000 32.552083
14.377500 32.552083
14.445000 32.552083
14.512500 32.552083
14.580000 32.371238
14.647500 32.371238
14.715000 32.371238
14.782500 32.371238
14.850000 32.190393
14.917500 32.190393
14.985000 32.190393
15.052500 32.190393
15.120000 32.190393
15.187500 32.009548
15.255000 32.009548
15.322500 32.009548
15.390000 32.009548
15.457500 31.828703
15.525000 31.828703
15.592500 31.828703
15.660000 31.828703
15.727500 31.647858
15.795000 31.647858
15.862500 31.647858
15.930000 31.467013
15.997500 31.467013
16.065000 31.467013
16.132500 31.467013
16.200000 31.286168
16.267500 31.286168
16.335000 31.286168
16.402500 31.105323
16.470000 31.105323
16.537500 31.105323
16.605000 30.924478
16.672500 30.924478
16.740000 30.924478
16.807500 30.743634
16.875000 30.743634
16.942500 30.743634
17.010000 30.743634
17.077500 30.562789
17.145000 30.562789
17.212500 30.381944
17.280000 30.381944
17.347500 30.381944
17.415000 30.201099
17.482500 30.201099
17.550000 30.201099
17.617500 30.020254
17.685000 30.020254
17.752500 30.020254
17.820000 29.839409
17.887500 29.839409
17.955000 29.658564
18.022500 29.658564
18.090000 29.658564
18.157500 29.477719
18.225000 29.477719
18.292500 29.296874
18.360000 29.296874
18.427500 29.296874
18.495000 29.116029
18.562500 29.116029
18.630000 28.935184
18.697500 28.935184
18.765000 28.754340
18.832500 28.754340
18.900000 28.754340
18.967500 28.573495
19.035000 28.573495
19.102500 28.392650
19.170000 28.392650
19.237500 28.211805
19.305000 28.211805
19.372500 28.211805
19.440000 28.030960
19.507500 28.030960
19.575000 27.850115
19.642500 27.850115
19.710000 27.669270
19.777500 27.669270
19.845000 27.488425
19.912500 27.488425
19.980000 27.488425
20.047500 27.307580
20.115000 27.307580
20.182500 27.126735
20.250000 27.126735
20.317500 26.945891
20.385000 26.945891
20.452500 26.765046
20.520001 26.765046
20.587501 26.584201
20.655001 26.584201
20.722501 26.584201
20.790001 26.403356
20.857501 26.403356
20.925001 26.222511
20.992501 26.222511
21.060001 26.041666
21.127501 26.041666
21.195001 25.860821
21.262501 25.860821
21.330001 25.860821
21.397501 25.679976
21.465001 25.679976
21.532501 25.499131
21.600001 25.499131
21.667501 25.499131
21.735001 25.318286
21.802501 25.318286
21.870001 25.137442
21.937501 25.137442
22.005001 25.137442
22.072501 24.956597
22.140001 24.956597
22.207501 24.775752
22.275001 24.775752
22.342501 24.775752
22.410001 24.594907
22.477501 24.594907
22.545001 24.594907
22.612501 24.414062
22.680001 24.414062
22.747501 24.233217
22.815001 24.233217
22.882501 24.233217
22.950001 24.052372
23.017501 24.052372
23.085001 24.052372
23.152501 23.871527
23.220001 23.871527
23.287501 23.871527
23.355001 23.690682
23.422501 23.690682
23.490001 23.690682
23.557501 23.509837
23.625001 23.509837
23.692501 23.509837
23.760001 23.509837
23.827501 23.328992
23.895001 23.328992
23.962501 23.328992
24.030001 23.148148
24.097501 23.148148
24.165001 23.148148
24.232501 23.148148
24.300001 22.967303
24.367501 22.967303
24.435001 22.967303
24.502501 22.967303
24.570001 22.786458
24.637501 22.786458
24.705001 22.786458
24.772501 22.786458
24.840001 22.605613
24.907501 22.605613
24.975001 22.605613
25.042501 22.605613
25.110001 22.424768
25.177501 22.424768
25.245001 22.424768
25.312501 22.424768
25.380001 22.424768
25.447501 22.243923
25.515001 22.243923
25.582501 22.243923
25.650001 22.243923
25.717501 22.063078
25.785001 22.063078
25.852501 22.063078
25.920001 22.063078
25.987501 22.063078
26.055001 22.063078
26.122501 21.882233
26.190001 21.882233
26.257501 21.882233
26.325001 21.882233
26.392501 21.882233
26.460001 21.701388
26.527501 21.701388
26.595001 21.701388
26.662501 21.701388
26.730001 21.701388
26.797501 21.701388
26.865001 21.701388
26.932501 21.520543
27.000001 21.520543
27.067501 21.520543
27.135001 21.520543
27.202501 21.520543
27.270001 21.520543
27.337501 21.339699
27.405001 21.339699
27.472501 21.339699
27.540001 21.339699
27.607501 21.339699
27.675001 21.339699
27.742501 21.339699
27.810001 21.339699
27.877501 21.158854
27.945001 21.158854
28.012501 21.158854
28.080001 21.158854
28.147501 21.158854
28.215001 21.158854
28.282501 21.158854
28.350001 21.158854
28.417501 21.158854
28.485001 20.978009
28.552501 20.978009
28.620001 20.978009
28.687501 20.978009
28.755001 20.978009
28.822501 20.978009
28.890001 20.978009
28.957501 20.978009
29.025001 20.978009
29.092501 20.978009
29.160001 20.797164
29.227501 20.797164
29.295001 20.797164
29.362501 20.797164
29.430001 20.797164
29.497501 20.797164
29.565001 20.797164
29.632501 20.797164
29.700001 20.797164
29.767501 20.797164
29.835001 20.797164
29.902501 20.797164
29.970001 20.797164
30.037501 20.797164
30.105001 20.797164
30.172501 20.797164
30.240001 20.797164
30.307501 20.797164
30.375001 20.978009
30.442501 20.978009
30.510001 20.978009
30.577501 20.978009
30.645001 21.158854
30.712501 21.158854
30.780001 21.158854
30.847501 21.339699
30.915001 21.339699
30.982501 21.520543
31.050001 21.882233
31.117501 22.063078
31.185001 22.063078
31.252501 22.243923
31.320001 22.424768
31.387501 22.605613
31.455001 22.605613
31.522501 22.786458
31.590001 22.967303
31.657501 23.148148
31.725001 23.148148
31.792501 23.328992
31.860001 23.509837
31.927501 23.690682
31.995001 24.052372
32.062501 24.233217
32.130001 24.414062
32.197501 24.414062
32.265001 24.594907
32.332501 24.775752
32.400001 25.137442
32.467501 25.318286
32.535001 25.499131
32.602501 25.499131
32.670001 26.222511
32.737501 26.222511
32.805001 26.403356
32.872501 26.584201
32.940001 26.584201
33.007501 26.765046
33.075001 27.850115
33.142501 28.030960
33.210001 28.211805
33.277501 28.211805
33.345001 28.392650
33.412501 28.573495
33.480001 28.754340
33.547501 29.296874
33.615001 29.658564
33.682501 29.839409
33.750001 30.020254
33.817501 30.381944
33.885001 31.647858
33.952501 31.647858
34.020001 31.828703
34.087501 31.828703
34.155001 33.817997
34.222501 33.817997
34.290001 33.817997
34.357501 33.998842
34.425001 33.998842
34.492501 33.998842
34.560001 33.998842
34.627501 33.998842
34.695001 33.998842
34.762501 33.998842
34.830001 33.998842
34.897501 34.179687
34.965001 34.179687
35.032501 34.179687
35.100001 33.998842
35.167501 33.998842
35.235001 33.998842
35.302501 33.998842
35.370001 33.998842
35.437501 33.998842
35.505001 33.998842
35.572501 33.998842
35.640001 33.998842
35.707501 33.998842
35.775001 33.998842
35.842501 33.817997
35.910001 33.817997
35.977501 33.817997
36.045001 33.817997
36.112501 33.817997
36.180001 33.637152
36.247501 33.637152
36.315001 33.637152
36.382501 33.637152
36.450001 33.637152
36.517501 33.456307
36.585001 33.456307
36.652501 33.456307
36.720001 33.456307
36.787501 33.275462
36.855001 33.275462
36.922501 33.275462
36.990001 33.275462
37.057501 33.094617
37.125001 33.094617
37.192501 33.094617
37.260001 32.913772
37.327501 32.913772
37.395001 32.913772
37.462501 32.732927
37.530001 32.732927
37.597501 32.732927
37.665001 32.552083
37.732501 32.552083
37.800001 32.552083
37.867501 32.371238
37.935001 32.371238
38.002501 32.371238
38.070001 32.190393
38.137501 32.190393
38.205001 32.009548
38.272501 32.009548
38.340001 31.828703
38.407501 31.828703
38.475001 31.647858
38.542501 31.647858
38.610001 31.467013
38.677501 31.467013
38.745001 31.286168
38.812501 31.105323
38.880001 31.105323
38.947501 30.924478
39.015001 30.924478
39.082501 30.743634
39.150001 30.562789
39.217501 30.381944
39.285001 30.381944
39.352501 30.201099
39.420001 30.020254
39.487501 29.839409
39.555001 29.839409
39.622501 29.658564
39.690001 29.477719
39.757501 29.296874
39.825001 29.296874
39.892501 29.116029
39.960001 28.935184
40.027501 28.754340
40.095001 28.573495
40.162501 28.392650
40.230001 28.392650
40.297501 28.211805
40.365001 28.030960
40.432501 27.850115
40.500001 27.669270
40.567501 27.488425
40.635001 27.307580
40.702501 27.126735
40.770001 26.945891
40.837501 26.945891
40.905001 26.765046
40.972501 26.584201
41.040001 26.403356
41.107501 26.222511
41.175001 26.041666
41.242501 25.860821
41.310001 25.679976
41.377501 25.679976
41.445001 25.499131
41.512501 25.318286
41.580001 25.137442
41.647501 24.956597
41.715001 24.956597
41.782501 24.775752
41.850001 24.594907
41.917501 24.414062
41.985001 24.414062
42.052501 24.233217
42.120001 24.052372
42.187501 24.052372
42.255001 23.871527
42.322501 23.690682
42.390001 23.690682
42.457501 23.509837
42.525001 23.328992
42.592501 23.328992
42.660001 23.148148
42.727501 23.148148
42.795001 22.967303
42.862501 22.967303
42.930001 22.786458
42.997501 22.786458
43.065001 22.605613
43.132501 22.605613
43.200001 22.424768
43.267501 22.424768
43.335001 22.424768
43.402501 22.243923
43.470001 22.243923
43.537501 22.063078
43.605001 22.063078
43.672501 22.063078
43.740001 21.882233
43.807501 21.882233
43.875001 21.882233
43.942501 21.701388
44.010001 21.701388
44.077501 21.701388
44.145001 21.520543
44.212501 21.520543
44.280001 21.520543
44.347501 21.520543
44.415001 21.339699
44.482501 21.339699
44.550001 21.339699
44.617501 21.339699
44.685001 21.158854
44.752501 21.158854
44.820001 21.158854
44.887501 21.158854
44.955001 21.158854
45.022501 20.978009
45.090001 20.978009
45.157501 20.978009
45.225001 20.978009
45.292501 20.978009
45.360001 20.797164
45.427501 20.797164
45.495001 20.797164
45.562501 20.797164
45.630001 20.797164
45.697501 20.797164
45.765001 20.616319
45.832501 20.616319
45.900001 20.616319
45.967501 20.616319
46.035001 20.616319
46.102501 20.616319
46.170001 20.616319
46.237501 20.435474
46.305001 20.435474
46.372501 20.435474
46.440001 20.435474
46.507501 20.435474
46.575001 20.435474
46.642501 20.435474
46.710001 20.435474
46.777501 20.254629
46.845001 20.254629
46.912501 20.254629
46.980001 20.254629
47.047501 20.254629
47.115001 20.254629
47.182501 20.254629
47.250001 20.254629
47.317501 20.254629
47.385001 20.254629
47.452501 20.254629
47.520001 20.254629
47.587501 20.073784
47.655001 20.073784
47.722501 20.073784
47.790001 20.073784
47.857501 20.073784
47.925001 20.073784
47.992501 20.073784
48.060001 20.073784
48.127501 20.073784
48.195001 20.073784
48.262501 20.073784
48.330001 20.073784
48.397501 20.073784
48.465001 20.073784
48.532501 20.073784
48.600001 19.892939
48.667501 19.892939
48.735001 19.892939
48.802501 19.892939
48.870001 19.892939
48.937501 19.892939
49.005001 19.892939
49.072501 19.892939
49.140001 19.892939
49.207501 19.892939
49.275001 19.892939
49.342501 19.892939
49.410001 19.892939
49.477501 19.892939
49.545001 19.892939
49.612501 19.892939
49.680001 19.892939
49.747501 19.892939
49.815001 19.892939
49.882501 19.892939
49.950001 19.892939
50.017501 19.892939
50.085001 19.712094
50.152501 19.712094
50.220001 19.712094
50.287501 19.712094
50.355001 19.712094
50.422501 19.712094
50.490001 19.712094
50.557501 19.712094
50.625001 19.712094
50.692501 19.712094
50.760001 19.712094
50.827501 19.712094
50.895001 19.712094
50.962501 19.712094
51.030001 19.712094
51.097501 19.712094
51.165001 19.712094
51.232501 19.712094
51.300001 19.712094
51.367501 19.712094
51.435001 19.712094
51.502501 19.712094
51.570001 19.712094
51.637501 19.712094
51.705001 19.712094
51.772501 19.712094
51.840001 19.712094
51.907501 19.712094
51.975001 19.712094
52.042501 19.712094
52.110001 19.712094
52.177501 19.712094
52.245001 19.712094
52.312501 19.712094
52.380001 19.712094
52.447501 19.712094
52.515001 19.712094
52.582501 19.712094
52.650001 19.712094
52.717501 19.712094
52.785001 19.531250
52.852501 19.531250
52.920001 19.531250
52.987501 19.531250
53.055001 19.531250
53.122501 19.531250
53.190001 19.531250
53.257501 19.531250
53.325001 19.531250
53.392501 19.531250
53.460001 19.531250
53.527501 19.531250
53.595001 19.531250
53.662501 19.531250
53.730001 19.531250
53.797501 19.531250
53.865001 19.531250
53.932501 19.531250
54.000001 19.531250
54.067501 19.531250
54.135001 19.531250
54.202501 19.531250
54.270001 19.531250
54.337501 19.531250
54.405001 19.531250
54.472501 19.531250
54.540001 19.531250
54.607501 19.531250
54.675001 19.531250
54.742501 19.531250
54.810001 19.531250
54.877501 19.531250
54.945001 19.531250
55.012501 19.531250
55.080001 19.531250
55.147501 19.531250
55.215001 19.531250
55.282501 19.531250
55.350001 19.531250
55.417501 19.531250
55.485001 19.531250
55.552501 19.531250
55.620001 19.531250
55.687501 19.531250
55.755001 19.531250
55.822501 19.531250
55.890001 19.531250
55.957501 19.531250
56.025001 19.531250
56.092501 19.531250
56.160001 19.531250
56.227501 19.531250
56.295001 19.531250
56.362501 19.531250
56.430001 19.531250
56.497501 19.531250
56.565001 19.531250
56.632501 19.531250
56.700001 19.531250
56.767501 19.531250
56.835001 19.531250
56.902501 19.531250
56.970001 19.531250
57.037501 19.531250
57.105001 19.531250
57.172501 19.531250
57.240001 19.531250
57.307501 19.531250
57.375001 19.531250
57.442501 19.531250
57.510001 19.531250
57.577501 19.531250
57.645001 19.531250
57.712501 19.531250
57.780001 19.531250
57.847501 19.531250
57.915001 19.531250
57.982501 19.531250
58.050001 19.531250
58.117501 19.531250
58.185001 19.531250
58.252501 19.531250
58.320001 19.531250
58.387501 19.531250
58.455001 19.531250
58.522501 19.531250
58.590001 19.531250
58.657501 19.531250
58.725001 19.531250
58.792501 19.531250
58.860001 19.531250
58.927501 19.531250
58.995001 19.531250
59.062501 19.531250
59.130001 19.350405
59.197501 19.350405
59.265001 19.350405
59.332501 19.350405
59.400001 19.350405
59.467501 19.350405
59.535001 19.350405
59.602501 19.350405
59.670001 19.350405
59.737501 19.350405
59.805001 19.350405
59.872501 19.350405
59.940001 19.350405
60.007501 19.350405
60.075001 19.350405
60.142501 19.350405
60.210001 19.350405
60.277501 19.350405
60.345001 19.169560
60.412501 19.169560
60.480001 19.169560
60.547501 18.988715